0
0.500000000000000
1
1.50000000000000
2
2.50000000000000
3
3.50000000000000
4
4.50000000000000
5
5.50000000000000
6
6.50000000000000
7
7.50000000000000
8
8.50000000000000
9
9.50000000000000
10
10.5000000000000
11
11.5000000000000
12
12.5000000000000
13
13.5000000000000
14
14.5000000000000
15
15.5000000000000
16
16.5000000000000
17
17.5000000000000
18
18.5000000000000
19
19.5000000000000
20
20.5000000000000
21
21.5000000000000
22
22.5000000000000
23
23.5000000000000
24
24.5000000000000
25
25.5000000000000
26
26.5000000000000
27
27.5000000000000
28
28.5000000000000
29
29.5000000000000
30
30.5000000000000
31
31.5000000000000
32
32.5000000000000
33
33.5000000000000
34
34.5000000000000
35
35.5000000000000
36
36.5000000000000
37
37.5000000000000
38
38.5000000000000
39
39.5000000000000
40
40.5000000000000
41
41.5000000000000
42
42.5000000000000
43
43.5000000000000
44
44.5000000000000
45
45.5000000000000
46
46.5000000000000
47
47.5000000000000
48
48.5000000000000
49
49.5000000000000
50
