4
2.25000000000000
1
0.250000000000000
0
0.250000000000000
1
2.25000000000000
4
6.25000000000000
9
12.2500000000000
16
20.2500000000000
25
30.2500000000000
36
42.2500000000000
49
56.2500000000000
64
72.2500000000000
81
90.2500000000000
100
110.250000000000
121
132.250000000000
144
156.250000000000
169
182.250000000000
196
210.250000000000
225
240.250000000000
256
272.250000000000
289
306.250000000000
324
342.250000000000
361
380.250000000000
400
420.250000000000
441
462.250000000000
484
506.250000000000
529
552.250000000000
576
600.250000000000
625
650.250000000000
676
702.250000000000
729
756.250000000000
784
812.250000000000
841
870.250000000000
900
930.250000000000
961
992.250000000000
1024
1056.25000000000
1089
1122.25000000000
1156
1190.25000000000
1225
1260.25000000000
1296
1332.25000000000
1369
1406.25000000000
1444
1482.25000000000
1521
1560.25000000000
1600
1640.25000000000
1681
1722.25000000000
1764
1806.25000000000
1849
1892.25000000000
1936
1980.25000000000
2025
2070.25000000000
2116
2162.25000000000
2209
2256.25000000000
2304
